﻿아이템명,획득확률,처음,끝
오가닉 원더 쿠키(10개),0.156,0,0.156
고농축 프리미엄 생명의물,0.1444,0.156,0.3004
쿠키베어,0.108,0.3004,0.4084
코기라이스,0.108,0.4084,0.5164
예티 빠방,0.108,0.5164,0.6244
슬라임 빠방,0.138,0.6244,0.7624
핑크빈 빠방,0.138,0.7624,0.9004
동동이,0.0332,0.9004,0.9336
은은이,0.0332,0.9336,0.9668
금금이,0.0332,0.9668,1
