﻿level,need,sum
1,15 ,0 
2,34 ,15 
3,57 ,49 
4,92 ,106 
5,135 ,198 
6,372 ,333 
7,450 ,705 
8,840 ,1155 
9,1242 ,1995 
10,1242 ,3237 
11,1242 ,4479 
12,1242 ,5721 
13,1242 ,6963 
14,1242 ,8205 
15,1490 ,9447 
16,1788 ,10937 
17,2145 ,12725 
18,2574 ,14870 
19,3088 ,17444 
20,3705 ,20532 
21,4446 ,24237 
22,5335 ,28683 
23,6402 ,34018 
24,7682 ,40420 
25,9218 ,48102 
26,11061 ,57320 
27,13273 ,68381 
28,15927 ,81654 
29,19112 ,97581 
30,19112 ,116693 
31,19112 ,135805 
32,19112 ,154917 
33,19112 ,174029 
34,19112 ,193141 
35,22934 ,212253 
36,27520 ,235187 
37,33024 ,262707 
38,39628 ,295731 
39,47553 ,335359 
40,51357 ,382912 
41,55465 ,434269 
42,59902 ,489734 
43,64694 ,549636 
44,69869 ,614330 
45,75458 ,684199 
46,81494 ,759657 
47,88013 ,841151 
48,95054 ,929164 
49,102658 ,1024218 
50,110870 ,1126876 
51,119739 ,1237746 
52,129318 ,1357485 
53,139663 ,1486803 
54,150836 ,1626466 
55,162902 ,1777302 
56,175934 ,1940204 
57,190008 ,2116138 
58,205208 ,2306146 
59,221624 ,2511354 
60,221624 ,2732978 
61,221624 ,2954602 
62,221624 ,3176226 
63,221624 ,3397850 
64,221624 ,3619474 
65,238245 ,3841098 
66,256113 ,4079343 
67,275321 ,4335456 
68,295970 ,4610777 
69,318167 ,4906747 
70,342029 ,5224914 
71,367681 ,5566943 
72,395257 ,5934624 
73,424901 ,6329881 
74,456768 ,6754782 
75,488741 ,7211550 
76,522952 ,7700291 
77,559558 ,8223243 
78,598727 ,8782801 
79,640637 ,9381528 
80,685481 ,10022165 
81,733464 ,10707646 
82,784806 ,11441110 
83,839742 ,12225916 
84,898523 ,13065658 
85,961419 ,13964181 
86,1028718 ,14925600 
87,1100728 ,15954318 
88,1177778 ,17055046 
89,1260222 ,18232824 
90,1342136 ,19493046 
91,1429374 ,20835182 
92,1522283 ,22264556 
93,1621231 ,23786839 
94,1726611 ,25408070 
95,1838840 ,27134681 
96,1958364 ,28973521 
97,2085657 ,30931885 
98,2221224 ,33017542 
99,2365603 ,35238766 
100,2365603 ,37604369 
101,2365603 ,39969972 
102,2365603 ,42335575 
103,2365603 ,44701178 
104,2365603 ,47066781 
105,2519367 ,49432384 
106,2683125 ,51951751 
107,2857528 ,54634876 
108,3043267 ,57492404 
109,3241079 ,60535671 
110,3451749 ,63776750 
111,3676112 ,67228499 
112,3915059 ,70904611 
113,4169537 ,74819670 
114,4440556 ,78989207 
115,4729192 ,83429763 
116,5036589 ,88158955 
117,5363967 ,93195544 
118,5712624 ,98559511 
119,6083944 ,104272135 
120,6479400 ,110356079 
121,6900561 ,116835479 
122,7349097 ,123736040 
123,7826788 ,131085137 
124,8335529 ,138911925 
125,8877338 ,147247454 
126,9454364 ,156124792 
127,10068897 ,165579156 
128,10723375 ,175648053 
129,11420394 ,186371428 
130,12162719 ,197791822 
131,12953295 ,209954541 
132,13795259 ,222907836 
133,14691950 ,236703095 
134,15646926 ,251395045 
135,16663976 ,267041971 
136,17747134 ,283705947 
137,18900697 ,301453081 
138,20129242 ,320353778 
139,21437642 ,340483020 
140,22777494 ,361920662 
141,24201087 ,384698156 
142,25713654 ,408899243 
143,27320757 ,434612897 
144,29028304 ,461933654 
145,30842573 ,490961958 
146,32770233 ,521804531 
147,34818372 ,554574764 
148,36994520 ,589393136 
149,39306677 ,626387656 
150,41763344 ,665694333 
151,44373553 ,707457677 
152,47146900 ,751831230 
153,50093581 ,798978130 
154,53224429 ,849071711 
155,56550955 ,902296140 
156,60085389 ,958847095 
157,63840725 ,1018932484 
158,67830770 ,1082773209 
159,72070193 ,1150603979 
160,76574580 ,1222674172 
161,81360491 ,1299248752 
162,86445521 ,1380609243 
163,91848366 ,1467054764 
164,97588888 ,1558903130 
165,103688193 ,1656492018 
166,110168705 ,1760180211 
167,117054249 ,1870348916 
168,124370139 ,1987403165 
169,132143272 ,2111773304 
170,140402226 ,2243916576 
171,149177365 ,2384318802 
172,158500950 ,2533496167 
173,168407259 ,2691997117 
174,178932712 ,2860404376 
175,190116006 ,3039337088 
176,201998256 ,3229453094 
177,214623147 ,3431451350 
178,228037093 ,3646074497 
179,242289411 ,3874111590 
180,256826775 ,4116401001 
181,272236381 ,4373227776 
182,288570563 ,4645464157 
183,305884796 ,4934034720 
184,324237883 ,5239919516 
185,343692155 ,5564157399 
186,364313684 ,5907849554 
187,386172505 ,6272163238 
188,409342855 ,6658335743 
189,433903426 ,7067678598 
190,459937631 ,7501582024 
191,487533888 ,7961519655 
192,516785921 ,8449053543 
193,547793076 ,8965839464 
194,580660660 ,9513632540 
195,615500299 ,10094293200 
196,652430316 ,10709793499 
197,691576134 ,11362223815 
198,733070702 ,12053799949 
199,777054944 ,12786870651 
200,2207026470 ,13563925595 
201,2471869646 ,15770952065 
202,2768494003 ,18242821711 
203,3100713283 ,21011315714 
204,3472798876 ,24112028997 
205,3889534741 ,27584827873 
206,4356278909 ,31474362614 
207,4879032378 ,35830641523 
208,5464516263 ,40709673901 
209,6120258214 ,46174190164 
210,16830710088 ,52294448378 
211,18177166895 ,69125158466 
212,19631340246 ,87302325361 
213,21201847465 ,106934000000 
214,22897995262 ,128136000000 
215,24729834882 ,151034000000 
216,26708221672 ,175763000000 
217,28844879405 ,202472000000 
218,31152469757 ,231316000000 
219,33644667337 ,262469000000 
220,57195934473 ,296114000000 
221,60055731197 ,353310000000 
222,63058517756 ,413365000000 
223,66211443644 ,476424000000 
224,69522015826 ,542635000000 
225,93854721366 ,612157000000 
226,96670363007 ,706012000000 
227,99570473897 ,802682000000 
228,102558000000 ,902253000000 
229,105634000000 ,1004810000000 
230,174297000000 ,1110440000000 
231,177783000000 ,1284740000000 
232,181338000000 ,1462520000000 
233,184965000000 ,1643860000000 
234,188664000000 ,1828830000000 
235,271971000000 ,2017490000000 
236,277410000000 ,2289460000000 
237,282958000000 ,2566870000000 
238,288617000000 ,2849830000000 
239,294390000000 ,3138450000000 
240,594667000000 ,3432840000000 
241,600614000000 ,4027500000000 
242,606620000000 ,4628120000000 
243,612686000000 ,5234730000000 
244,618813000000 ,5847420000000 
245,625001000000 ,6466230000000 
246,631251000000 ,7091230000000 
247,637564000000 ,7722490000000 
248,643939000000 ,8360050000000 
249,650379000000 ,9003990000000 
250,1313760000000 ,9654370000000 
251,1326900000000 ,10968100000000 
252,1340170000000 ,12295000000000 
253,1353570000000 ,13635200000000 
254,1367110000000 ,14988800000000 
255,1380780000000 ,16355900000000 
256,1394590000000 ,17736700000000 
257,1408530000000 ,19131300000000 
258,1422620000000 ,20539800000000 
259,1436850000000 ,21962400000000 
260,2902430000000 ,23399300000000 
261,2931450000000 ,26301700000000 
262,2960770000000 ,29233100000000 
263,2990370000000 ,32193900000000 
264,3020280000000 ,35184300000000 
265,3050480000000 ,38204500000000 
266,3080990000000 ,41255000000000 
267,3111790000000 ,44336000000000 
268,3142910000000 ,47447800000000 
269,3174340000000 ,50590700000000 
270,6412170000000 ,53765100000000 
271,6476290000000 ,60177200000000 
272,6541060000000 ,66653500000000 
273,6606470000000 ,73194600000000 
274,6672530000000 ,79801000000000 
275,0 ,86473600000000 
